$ANSIBLE_VAULT;1.1;AES256
63383764626534303733323037663663623136356364663764303230383264633738643263336232
3138643535386161333264353032643863653765353966360a383738313764376565613465333038
62336133623937363033663136653162326238306165373030353162313266326631316433316465
3039376431303234620a303364313462636165356461633763633631616535306639373739653834
33623437373034353137363864353962336432336238653861643531386434373765333634376265
33336564353763343338343739336537343830643262343231633333343563323035666439633863
65633863383665376265333338383138666565636138313238343638313565613933643063653163
31656337613238343161643831653866313462653139393133383931643561653232633664336630
36646136653933633237633365356135316135633536366239633762376434623764326565613863
65663431353334623163326236363765336533656663393630333366636539383930643364633736
66333361366164353364393035353231303033613431376530356535386230336261363862323234
65333264306265323333396630383734336531363764323839343933323934316334353562653332
38623436373132396534663466326531376431626465336335386462353763346333616266613431
31383634323565346163626131393964633339303733323761646161663061333965396630383836
66373939623035396630386464643235653562396437636435656161646231313033653839666134
35363839663032663830636432626437323133623564623664313833643362343263646638363632
64646364303333343262623364356639336661613866356231393134643235326632323663386461
39356531383962643264303862613230623231653334666464303830363934616166343164613131
61666535353932346636363563373630646337623732316366373130396531336664623538376362
61396132616461666435383766633634386665333834343363626630363034393530643965623236
66393064633630326263343235313639336564323765363739336565623632353437643963646233
30653666653466656239323636323463383365313831303237333533306237623365316261383761
33366233313234623137366130373736343065656134616135333631373366623939366138646264
62363765346163623039626465623934626330393039336563333737386237373039326661333538
63656563326661646366313733386335623863383034626531373463653863386462373636383338
3561306135646436666466353637376435613832353336363236
